15
500 500 500 500 500 500 500 500 500 500 500 500 500 500 500
1 4 3 -2 3 5 2 3 -7 2 4 6 4 3 2
-2 1 4 3 3 5 3 2 2 1 4 5 6 -2 2
3 -2 1 4 3 5 6 8 3 2 1 4 3 2 2
4 3 -2 1 5 6 7 8 2 3 5 6 7 8 2
2 4 5 6 1 7 4 7 8 -9 1 2 3 4 2
2 4 5 6 7 1 4 7 8 9 1 2 3 4 2
2 4 5 -6 4 7 1 7 8 9 1 2 -3 4 2
2 4 5 6 7 7 4 1 8 9 1 2 3 4 2
2 4 5 -6 8 7 4 7 1 9 1 2 -3 4 2
2 4 5 6 9 7 4 7 8 1 -2 2 3 4 2
2 4 -5 6 2 -7 4 7 8 9 1 2 3 4 2
2 4 5 6 4 7 4 7 8 9 2 1 3 4 2
2 4 -5 6 -4 7 4 7 8 9 2 2 1 4 2
2 4 5 -6 4 7 4 7 8 -9 2 4 3 1 2
2 4 -5 6 -4 7 4 7 8 9 2 2 1 4 1
1

5
500 500 500 500 500
1 2 3 4 5
2 1 3 -2 2
4 3 1 2 2
3 5 10 1 8
3 5 2 3 1
0